[[2, 1, 3, -2, 2, -4, -5],
 [-5, 2, -1, -2, 1, -2, -1],
 [3, 1, -1, -1, -3, -1, -6]]

[ 0.  0.  0.  0.  0.  0.  0.]

array([[ 2.,  1.,  3., -2.,  2., -4., -5.],
       [-5.,  2., -1., -2.,  1., -2., -1.],
       [ 3.,  1., -1., -1., -3., -1., -6.]])

array([[ 1.,  0.,  0.,  0.,  0.,  0.,  0.,  0.],
       [ 0.,  0.,  0.,  0.,  0.,  0.,  0.,  0.],
       [ 0.,  0.,  0.,  0.,  0.,  0.,  0.,  0.],
       [ 0.,  0.,  0.,  0.,  0.,  0.,  0.,  0.],
       [ 1.,  0.,  0.,  0.,  0.,  0.,  0.,  0.]])

array([[ 1.,  0.,  0.,  0.,  0.,  0.,  0.,  0.],
       [ 0.,  0.,  0.,  0.,  0.,  0.,  0.,  0.],
       [ 0.,  0.,  0.,  0.,  0.,  0.,  0.,  0.],
       [ 0.,  0.,  0.,  0.,  0.,  0.,  0.,  0.]])

Done
FBM =
[[  4.48168907e+00   2.23130160e-01   3.67879441e-01   7.38905610e+00    2.23130160e-01   2.00855369e+01   2.00855369e+01]
 [  4.48168907e+00   2.23130160e-01   3.67879441e-01   7.38905610e+00    2.23130160e-01   2.00855369e+01   2.00855369e+01]
 [  3.01973834e-02   1.64872127e+00   1.35335283e-01   1.00000000e+00    6.06530660e-01   2.71828183e+00   7.38905610e+00]
 [  3.01973834e-02   1.64872127e+00   1.35335283e-01   1.00000000e+00    6.06530660e-01   2.71828183e+00   7.38905610e+00]
 [  2.23130160e-01   4.48168907e+00   2.71828183e+00   1.35335283e-01    4.48168907e+00   4.97870684e-02   4.97870684e-02]
 [  2.23130160e-01   4.48168907e+00   2.71828183e+00   1.35335283e-01    4.48168907e+00   4.97870684e-02   4.97870684e-02]
 [  3.31154520e+01   6.06530660e-01   7.38905610e+00   1.00000000e+00    1.64872127e+00   3.67879441e-01   1.35335283e-01]
 [  3.31154520e+01   6.06530660e-01   7.38905610e+00   1.00000000e+00    1.64872127e+00   3.67879441e-01   1.35335283e-01]]

PBM =
[[ 12.18249396   0.36787944   1.64872127   2.71828183   0.60653066    2.71828183   1.64872127]
 [ 12.18249396   0.36787944   1.64872127   2.71828183   0.60653066    2.71828183   1.64872127]
 [  0.082085     2.71828183   0.60653066   0.36787944   1.64872127    0.36787944   0.60653066]
 [  0.082085     2.71828183   0.60653066   0.36787944   1.64872127    0.36787944   0.60653066]
 [  0.082085     2.71828183   0.60653066   0.36787944   1.64872127    0.36787944   0.60653066]
 [  0.082085     2.71828183   0.60653066   0.36787944   1.64872127    0.36787944   0.60653066]
 [ 12.18249396   0.36787944   1.64872127   2.71828183   0.60653066    2.71828183   1.64872127]
 [ 12.18249396   0.36787944   1.64872127   2.71828183   0.60653066    2.71828183   1.64872127]]

