[[2, 1, 3, -2, 2, -4, -5],
 [-5, 1, -1, -1, 1, -2, -1],
 [3, 1, -1, -1, -3, -1, -6]]

[ 0.  0.  0.  0.  0.  0.  0.]

array([[ 2.,  1.,  3., -2.,  2., -4., -5.],
       [-5.,  1., -1., -2.,  1., -2., -1.],
       [ 3.,  1., -1., -1., -3., -1., -6.]])

array([[ 1.,  0.,  0.,  0.,  0.,  0.,  0.,  0.],
       [ 0.,  0.,  0.,  0.,  0.,  0.,  0.,  0.],
       [ 0.,  0.,  0.,  0.,  0.,  0.,  0.,  0.],
       [ 0.,  0.,  0.,  0.,  0.,  0.,  0.,  0.],
       [ 1.,  0.,  0.,  0.,  0.,  0.,  0.,  0.]])

array([[ 1.,  0.,  0.,  0.,  0.,  0.,  0.,  0.],
       [ 0.,  0.,  0.,  0.,  0.,  0.,  0.,  0.],
       [ 0.,  0.,  0.,  0.,  0.,  0.,  0.,  0.],
       [ 0.,  0.,  0.,  0.,  0.,  0.,  0.,  0.]])

Done
FBM =
[[  4.48168907e+00   3.67879441e-01   3.67879441e-01   7.38905610e+00    2.23130160e-01   2.00855369e+01   2.00855369e+01]
 [  4.48168907e+00   3.67879441e-01   3.67879441e-01   7.38905610e+00    2.23130160e-01   2.00855369e+01   2.00855369e+01]
 [  3.01973834e-02   1.00000000e+00   1.35335283e-01   1.00000000e+00    6.06530660e-01   2.71828183e+00   7.38905610e+00]
 [  3.01973834e-02   1.00000000e+00   1.35335283e-01   1.00000000e+00    6.06530660e-01   2.71828183e+00   7.38905610e+00]
 [  2.23130160e-01   2.71828183e+00   2.71828183e+00   1.35335283e-01    4.48168907e+00   4.97870684e-02   4.97870684e-02]
 [  2.23130160e-01   2.71828183e+00   2.71828183e+00   1.35335283e-01    4.48168907e+00   4.97870684e-02   4.97870684e-02]
 [  3.31154520e+01   1.00000000e+00   7.38905610e+00   1.00000000e+00    1.64872127e+00   3.67879441e-01   1.35335283e-01]
 [  3.31154520e+01   1.00000000e+00   7.38905610e+00   1.00000000e+00    1.64872127e+00   3.67879441e-01   1.35335283e-01]]

PBM =
[[ 12.18249396   0.60653066   1.64872127   2.71828183   0.60653066    2.71828183   1.64872127]
 [ 12.18249396   0.60653066   1.64872127   2.71828183   0.60653066    2.71828183   1.64872127]
 [  0.082085     1.64872127   0.60653066   0.36787944   1.64872127    0.36787944   0.60653066]
 [  0.082085     1.64872127   0.60653066   0.36787944   1.64872127    0.36787944   0.60653066]
 [  0.082085     1.64872127   0.60653066   0.36787944   1.64872127    0.36787944   0.60653066]
 [  0.082085     1.64872127   0.60653066   0.36787944   1.64872127    0.36787944   0.60653066]
 [ 12.18249396   0.60653066   1.64872127   2.71828183   0.60653066    2.71828183   1.64872127]
 [ 12.18249396   0.60653066   1.64872127   2.71828183   0.60653066    2.71828183   1.64872127]]

In Calc_Forward_Branch_Metrics
bit = 0
FB_Norm_Forward_Branch_Metrics[0][bit] = 1.0
FB_Full_Branch_Metrics[0][bit] = 4.48168907034
FB_Norm_Forward_Branch_Metrics[1][bit] = 0.0
FB_Full_Branch_Metrics[5][bit] = 0.223130160148

bit = 1
FB_Norm_Forward_Branch_Metrics[0][bit] = 0.952574126822
FB_Full_Branch_Metrics[0][bit] = 0.367879441171
FB_Norm_Forward_Branch_Metrics[1][bit] = 0.0
FB_Full_Branch_Metrics[5][bit] = 2.71828182846

bit = 2
FB_Norm_Forward_Branch_Metrics[0][bit] = 0.115477085899
FB_Full_Branch_Metrics[0][bit] = 0.367879441171
FB_Norm_Forward_Branch_Metrics[1][bit] = 0.0156281241274
FB_Full_Branch_Metrics[5][bit] = 2.71828182846

bit = 3
FB_Norm_Forward_Branch_Metrics[0][bit] = 0.0122381119603
FB_Full_Branch_Metrics[0][bit] = 7.38905609893
FB_Norm_Forward_Branch_Metrics[1][bit] = 0.908453078599
FB_Full_Branch_Metrics[5][bit] = 0.135335283237

bit = 4
FB_Norm_Forward_Branch_Metrics[0][bit] = 0.03011093247
FB_Full_Branch_Metrics[0][bit] = 0.223130160148
FB_Norm_Forward_Branch_Metrics[1][bit] = 0.0111919159706
FB_Full_Branch_Metrics[5][bit] = 4.48168907034

bit = 5
FB_Norm_Forward_Branch_Metrics[0][bit] = 0.0241371228141
FB_Full_Branch_Metrics[0][bit] = 20.0855369232
FB_Norm_Forward_Branch_Metrics[1][bit] = 0.665821991152
FB_Full_Branch_Metrics[5][bit] = 0.0497870683679

bit = 6
FB_Norm_Forward_Branch_Metrics[0][bit] = 0.034880659707
FB_Full_Branch_Metrics[0][bit] = 20.0855369232
FB_Norm_Forward_Branch_Metrics[1][bit] = 0.0475228227733
FB_Full_Branch_Metrics[5][bit] = 0.0497870683679

[[  1.           4.48168907   0.35043244   0.08496329   0.21337385    0.05687734   0.5179564    0.7029628 ]
 [  0.           0.           0.04742587   6.3069503    0.07930881    1.56896028   0.70568476   0.24686719]
 [  0.           0.22313016   2.58936494   0.31964853   6.71426701    0.13744509  13.3745939    0.95625802]
 [  0.           0.           0.04742587   0.23095417   0.07930881    0.59314333   0.25115141   6.65748814]
 [  1.           4.70481923   3.03464912   6.94251629   7.08625848    2.35642604  14.84938648   8.56357615]]

[[ 1.          0.95257413  0.11547709  0.01223811  0.03011093  0.02413712   0.03488066  0.08208753]
 [ 0.          0.          0.01562812  0.90845308  0.01119192  0.66582199   0.04752282  0.02882758]
 [ 0.          0.04742587  0.85326667  0.04604217  0.94750524  0.05832778   0.90068327  0.11166573]
 [ 0.          0.          0.01562812  0.03326664  0.01119192  0.25171311   0.01691325  0.77741916]]

