Received_Data =
[[ 0.70826951 -1.03938678 -0.49533727  0.14818957 -0.25540491 -1.58922316
  -0.64798301]
 [ 0.12829834  0.25943345 -1.63630533  1.38601783  2.60454561 -0.97092242
  -1.78254781]
 [ 1.37734082 -1.41731179  0.98660865 -0.17749915 -1.52350966 -0.99368232
  -1.61467553]]

array([[ 0.70826951, -1.03938678, -0.49533727,  0.14818957, -0.25540491,
        -1.58922316, -0.64798301],
       [ 0.12829834,  0.25943345, -1.63630533,  1.38601783,  2.60454561,
        -0.97092242, -1.78254781],
       [ 1.37734082, -1.41731179,  0.98660865, -0.17749915, -1.52350966,
        -0.99368232, -1.61467553]])

[ 0.  0.  0.  0.  0.  0.  0.]

array([[ 0.56661561, -0.83150942, -0.39626981,  0.11855165, -0.20432393,
        -1.27137852, -0.51838641],
       [ 0.10263867,  0.20754676, -1.30904426,  1.10881426,  2.08363649,
        -0.77673794, -1.42603825],
       [ 1.10187266, -1.13384943,  0.78928692, -0.14199932, -1.21880773,
        -0.79494586, -1.29174042]])

array([[ 1.,  0.,  0.,  0.,  0.,  0.,  0.,  0.],
       [ 0.,  0.,  0.,  0.,  0.,  0.,  0.,  0.],
       [ 0.,  0.,  0.,  0.,  0.,  0.,  0.,  0.],
       [ 0.,  0.,  0.,  0.,  0.,  0.,  0.,  0.],
       [ 1.,  0.,  0.,  0.,  0.,  0.,  0.,  0.]])

array([[ 1.,  0.,  0.,  0.,  0.,  0.,  0.,  0.],
       [ 0.,  0.,  0.,  0.,  0.,  0.,  0.,  0.],
       [ 0.,  0.,  0.,  0.,  0.,  0.,  0.,  0.],
       [ 0.,  0.,  0.,  0.,  0.,  0.,  0.,  0.]])

array([[ 0.,  0.,  0.,  0.,  0.,  0.,  1.],
       [ 0.,  0.,  0.,  0.,  0.,  0.,  0.],
       [ 0.,  0.,  0.,  0.,  0.,  0.,  0.],
       [ 0.,  0.,  0.,  0.,  0.,  0.,  0.]])

array([[ 0.,  0.,  0.,  0.,  0.,  0.,  1.],
       [ 0.,  0.,  0.,  0.,  0.,  0.,  0.],
       [ 0.,  0.,  0.,  0.,  0.,  0.,  0.],
       [ 0.,  0.,  0.,  0.,  0.,  0.,  0.],
       [ 0.,  0.,  0.,  0.,  0.,  0.,  0.]])

Done
FBM =
[[ 0.71560486  1.36612919  2.34587165  0.54135341  0.39076213  2.7844719
   2.64378692]
 [ 0.71560486  1.36612919  2.34587165  0.54135341  0.39076213  2.7844719
   2.64378692]
 [ 0.79295527  1.68123407  0.63356846  1.64071366  3.13923835  1.28058921
   0.6351933 ]
 [ 0.79295527  1.68123407  0.63356846  1.64071366  3.13923835  1.28058921
   0.6351933 ]
 [ 1.39741924  0.73199519  0.42628078  1.84722213  2.55910165  0.35913453
   0.37824531]
 [ 1.39741924  0.73199519  0.42628078  1.84722213  2.55910165  0.35913453
   0.37824531]
 [ 1.26110518  0.59480117  1.57836141  0.60949087  0.31854861  0.78089054
   1.57432392]
 [ 1.26110518  0.59480117  1.57836141  0.60949087  0.31854861  0.78089054
   1.57432392]]

PBM =
[[ 0.94997526  0.90142956  1.92422277  0.57441271  0.3528126   1.47457376
   2.04014141]
 [ 0.94997526  0.90142956  1.92422277  0.57441271  0.3528126   1.47457376
   2.04014141]
 [ 1.05265899  1.10934902  0.51969035  1.74090855  2.8343659   0.67816208
   0.4901621 ]
 [ 1.05265899  1.10934902  0.51969035  1.74090855  2.8343659   0.67816208
   0.4901621 ]
 [ 1.05265899  1.10934902  0.51969035  1.74090855  2.8343659   0.67816208
   0.4901621 ]
 [ 1.05265899  1.10934902  0.51969035  1.74090855  2.8343659   0.67816208
   0.4901621 ]
 [ 0.94997526  0.90142956  1.92422277  0.57441271  0.3528126   1.47457376
   2.04014141]
 [ 0.94997526  0.90142956  1.92422277  0.57441271  0.3528126   1.47457376
   2.04014141]]

Before Calc_Forward_Branch_Metrics
Full_Branch_Metrics =
[[ 0.71560486  1.36612919  2.34587165  0.54135341  0.39076213  2.7844719
   2.64378692]
 [ 0.71560486  1.36612919  2.34587165  0.54135341  0.39076213  2.7844719
   2.64378692]
 [ 0.79295527  1.68123407  0.63356846  1.64071366  3.13923835  1.28058921
   0.6351933 ]
 [ 0.79295527  1.68123407  0.63356846  1.64071366  3.13923835  1.28058921
   0.6351933 ]
 [ 1.39741924  0.73199519  0.42628078  1.84722213  2.55910165  0.35913453
   0.37824531]
 [ 1.39741924  0.73199519  0.42628078  1.84722213  2.55910165  0.35913453
   0.37824531]
 [ 1.26110518  0.59480117  1.57836141  0.60949087  0.31854861  0.78089054
   1.57432392]
 [ 1.26110518  0.59480117  1.57836141  0.60949087  0.31854861  0.78089054
   1.57432392]]

Forward_Branch_Metrics =
[[ 1.  0.  0.  0.  0.  0.  0.  0.]
 [ 0.  0.  0.  0.  0.  0.  0.  0.]
 [ 0.  0.  0.  0.  0.  0.  0.  0.]
 [ 0.  0.  0.  0.  0.  0.  0.  0.]
 [ 1.  0.  0.  0.  0.  0.  0.  0.]]

Norm_Forward_Branch_Metrics =
[[ 1.  0.  0.  0.  0.  0.  0.  0.]
 [ 0.  0.  0.  0.  0.  0.  0.  0.]
 [ 0.  0.  0.  0.  0.  0.  0.  0.]
 [ 0.  0.  0.  0.  0.  0.  0.  0.]]

Exit Calc_Forward_Branch_Metrics
[[ 1.          0.71560486  0.46265856  0.56549795  0.50222989  0.87115586
   0.85380292  0.925638  ]
 [ 0.          0.          0.39336352  0.49450516  0.70987588  0.83273889
   0.49097298  0.60496529]
 [ 0.          1.39741924  0.2479003   0.50546586  0.54040679  0.67629476
   0.82460698  0.61418236]
 [ 0.          0.          1.11186088  0.86289131  0.55809228  0.81114919
   0.46985753  0.47873349]
 [ 1.          2.1130241   2.21578327  2.42836028  2.31060484  3.19133871
   2.63924041  2.62351914]]

[[ 1.          0.33866384  0.20880136  0.23287235  0.21735863  0.27297506
   0.32350328  0.35282304]
 [ 0.          0.          0.17752798  0.20363748  0.30722513  0.26093717
   0.18602814  0.23059305]
 [ 0.          0.66133616  0.11187931  0.2081511   0.2338811   0.2119157
   0.31244103  0.2341063 ]
 [ 0.          0.          0.50179135  0.35533908  0.24153515  0.25417208
   0.17802756  0.1824776 ]]

Exit Calc_Norm_Backward_Branch_Metrics_Denom
In Calc_Backward_Branch_Metrics
Backward_Branch_Metrics
[[ 0.48720402  0.41536644  0.27407885  0.43127357  2.78926859  2.64378692
   1.        ]
 [ 0.56854497  0.87686901  0.39549373  2.25038904  0.35975319  0.37824531
   0.        ]
 [ 1.15015579  0.69958697  0.85789831  0.21644202  0.11191409  0.          0.        ]
 [ 0.98896297  1.20562228  1.69613429  0.37219926  0.18352889  0.          0.        ]]

Norm_Backward_Branch_Metrics
[[ 0.23057192  0.18745806  0.11286581  0.18664965  0.87401208  1.00172266
   1.        ]
 [ 0.26906696  0.39573771  0.16286452  0.97393938  0.11272799  0.14331597
   0.        ]
 [ 0.5443174   0.31572897  0.35328296  0.09367332  0.03506807  0.          0.        ]
 [ 0.46803203  0.54410659  0.69846896  0.16108304  0.05750843  0.          0.        ]
 [ 2.1130241   2.21578327  2.42836028  2.31060484  3.19133871  2.63924041
   2.62351914]]

Product_Of_Metrics =
[[ 0.21903762  0.0572275   0.04534726  0.02496716  0.06702524  0.40321526
   0.65999243]
 [ 0.          0.          0.12068265  0.01095715  0.00380113  0.          0.        ]
 [ 0.          0.39918523  0.0406108   0.05837199  0.03812261  0.          0.        ]
 [ 0.          0.          0.04247118  0.60249141  0.07717347  0.02470335
   0.        ]
 [ 0.57298061  0.11861824  0.03833546  0.03797605  0.02160452  0.          0.        ]
 [ 0.          0.          0.01041295  0.06616995  0.76107962  0.17726253
   0.09118394]
 [ 0.          0.23591823  0.03506159  0.11644871  0.00930188  0.04478414
   0.        ]
 [ 0.          0.          0.67441254  0.03287887  0.00490068  0.          0.        ]]

Detection_Ratio =
[[ 0.96160839 -0.25258628  1.11307477 -1.01122119  1.45430775 -0.65604545
  -1.97934954]
 [ 1.66987789 -1.29197306  0.6177375  -0.86303163  1.19890284 -2.24526861
  -2.62733255]
 [ 1.          0.          1.          0.          1.          0.          0.        ]]

Extrinsic_Value =
[ 0.96160839 -0.25258628  1.11307477 -1.01122119  1.45430775 -0.65604545
 -1.97934954]

Done
FBM =
[[ 0.26846135  3.03124239  0.47092994  1.67755006  0.98453282  3.9008127
   6.65080689]
 [ 0.26846135  3.03124239  0.47092994  1.67755006  0.98453282  3.9008127
   6.65080689]
 [ 0.80801418  0.97543001  1.03690569  1.45547908  0.29101054  1.76162919
   1.82758928]
 [ 0.80801418  0.97543001  1.03690569  1.45547908  0.29101054  1.76162919
   1.82758928]
 [ 3.72493099  0.32989774  2.1234581   0.5961074   1.01571017  0.25635684
   0.1503577 ]
 [ 3.72493099  0.32989774  2.1234581   0.5961074   1.01571017  0.25635684
   0.1503577 ]
 [ 1.23760204  1.02518888  0.96440786  0.687059    3.4363016   0.56765635
   0.54716889]
 [ 1.23760204  1.02518888  0.96440786  0.687059    3.4363016   0.56765635
   0.54716889]]

PBM =
[[ 0.57640985  1.76283748  0.67392028  1.07358086  1.83933458  1.48805951
   1.90764636]
 [ 0.57640985  1.76283748  0.67392028  1.07358086  1.83933458  1.48805951
   1.90764636]
 [ 1.73487667  0.56726727  1.48385504  0.93146221  0.54367488  0.67201613
   0.52420617]
 [ 1.73487667  0.56726727  1.48385504  0.93146221  0.54367488  0.67201613
   0.52420617]
 [ 1.73487667  0.56726727  1.48385504  0.93146221  0.54367488  0.67201613
   0.52420617]
 [ 1.73487667  0.56726727  1.48385504  0.93146221  0.54367488  0.67201613
   0.52420617]
 [ 0.57640985  1.76283748  0.67392028  1.07358086  1.83933458  1.48805951
   1.90764636]
 [ 0.57640985  1.76283748  0.67392028  1.07358086  1.83933458  1.48805951
   1.90764636]]

Before Calc_Forward_Branch_Metrics
Full_Branch_Metrics =
[[ 0.26846135  3.03124239  0.47092994  1.67755006  0.98453282  3.9008127
   6.65080689]
 [ 0.26846135  3.03124239  0.47092994  1.67755006  0.98453282  3.9008127
   6.65080689]
 [ 0.80801418  0.97543001  1.03690569  1.45547908  0.29101054  1.76162919
   1.82758928]
 [ 0.80801418  0.97543001  1.03690569  1.45547908  0.29101054  1.76162919
   1.82758928]
 [ 3.72493099  0.32989774  2.1234581   0.5961074   1.01571017  0.25635684
   0.1503577 ]
 [ 3.72493099  0.32989774  2.1234581   0.5961074   1.01571017  0.25635684
   0.1503577 ]
 [ 1.23760204  1.02518888  0.96440786  0.687059    3.4363016   0.56765635
   0.54716889]
 [ 1.23760204  1.02518888  0.96440786  0.687059    3.4363016   0.56765635
   0.54716889]]

Forward_Branch_Metrics =
[[ 1.          0.71560486  0.46265856  0.56549795  0.50222989  0.87115586
   0.85380292  0.925638  ]
 [ 0.          0.          0.39336352  0.49450516  0.70987588  0.83273889
   0.49097298  0.60496529]
 [ 0.          1.39741924  0.2479003   0.50546586  0.54040679  0.67629476
   0.82460698  0.61418236]
 [ 0.          0.          1.11186088  0.86289131  0.55809228  0.81114919
   0.46985753  0.47873349]
 [ 1.          2.1130241   2.21578327  2.42836028  2.31060484  3.19133871
   2.63924041  2.62351914]]

Norm_Forward_Branch_Metrics =
[[ 1.          0.33866384  0.20880136  0.23287235  0.21735863  0.27297506
   0.32350328  0.35282304]
 [ 0.          0.          0.17752798  0.20363748  0.30722513  0.26093717
   0.18602814  0.23059305]
 [ 0.          0.66133616  0.11187931  0.2081511   0.2338811   0.2119157
   0.31244103  0.2341063 ]
 [ 0.          0.          0.50179135  0.35533908  0.24153515  0.25417208
   0.17802756  0.1824776 ]]

Exit Calc_Forward_Branch_Metrics
[[ 1.          0.26846135  0.20377948  1.01648189  0.84977095  0.55538396
   0.87372991  1.76703187]
 [ 0.          0.          0.95626913  0.46117828  0.39330429  0.96515218
   0.54928513  0.50490641]
 [ 0.          3.72493099  0.02217783  0.42209294  0.59205202  0.56177813
   1.41427745  1.13469571]
 [ 0.          0.          0.90985537  0.4304172   0.3905592   0.68040697
   0.49801698  0.85665745]
 [ 1.          3.99339234  2.09208182  2.33017031  2.22568646  2.76272124
   3.33530947  4.26329144]]

[[ 1.          0.06722639  0.09740512  0.43622644  0.38180174  0.20102787
   0.26196367  0.41447597]
 [ 0.          0.          0.45708974  0.19791613  0.17671145  0.34934838
   0.16468791  0.11843113]
 [ 0.          0.93277361  0.01060084  0.18114253  0.26600872  0.20334231
   0.42403185  0.26615486]
 [ 0.          0.          0.4349043   0.18471491  0.17547809  0.24628144
   0.14931657  0.20093805]]

Exit Calc_Norm_Backward_Branch_Metrics_Denom
In Calc_Backward_Branch_Metrics
Backward_Branch_Metrics
[[ 2.18076722  1.35654263  2.26891126  2.78136485  7.77845421  6.65080689
   1.        ]
 [ 2.19177962  2.26678586  1.23047554  2.86885605  0.51119089  0.1503577
   0.        ]
 [ 1.73721334  1.36507129  0.98541013  0.64418976  0.02559028  0.          0.        ]
 [ 1.71525401  1.34351904  1.92319158  0.15262371  0.07941527  0.          0.        ]]

Norm_Backward_Branch_Metrics
[[ 0.54609391  0.64841758  0.97371048  1.24966607  2.81550454  1.99405991
   1.        ]
 [ 0.54885156  1.08350727  0.52806249  1.28897583  0.18503166  0.04508058
   0.        ]
 [ 0.43502195  0.65249422  0.42289189  0.28943419  0.00926271  0.          0.        ]
 [ 0.42952304  0.6421924   0.82534379  0.06857377  0.02874531  0.          0.        ]
 [ 3.99339234  2.09208182  2.33017031  2.22568646  2.76272124  3.33530947
   4.26329144]]

Product_Of_Metrics =
[[  3.14773905e-01   7.68434483e-02   6.39175554e-02   5.85249056e-01
    1.97721942e+00   5.96505933e-01   4.99734039e-01]
 [  0.00000000e+00   0.00000000e+00   1.30268482e-01   6.14986777e-02
    3.01067167e-03   0.00000000e+00   0.00000000e+00]
 [  0.00000000e+00   3.39804506e-01   1.29827537e-02   1.15702749e-02
    4.15721132e-03   0.00000000e+00   0.00000000e+00]
 [  0.00000000e+00   0.00000000e+00   3.40777174e-01   2.21774682e-01
    1.76525800e-02   7.46106652e-03   0.00000000e+00]
 [  7.54709441e-01   2.48830824e-02   6.11227131e-02   1.17605345e-01
    1.92271592e-03   0.00000000e+00   0.00000000e+00]
 [  0.00000000e+00   0.00000000e+00   6.60423919e-01   2.30377681e-01
    2.70495595e-01   4.68140947e-01   8.63304172e-02]
 [  0.00000000e+00   1.78164165e+00   3.77254388e-03   2.50668610e-01
    9.05321122e-02   1.36407292e-02   0.00000000e+00]
 [  0.00000000e+00   0.00000000e+00   2.41900690e-01   1.35986167e-02
    9.27791909e-03   0.00000000e+00   0.00000000e+00]]

Detection_Ratio =
[[ 0.87447821  1.46691861  0.56824916 -0.36288613 -1.68241439 -0.2260285
  -1.75589404]
 [ 2.5443561   0.17494555  1.18598666 -1.22591775 -0.48351155 -2.47129711
  -4.38322659]
 [ 1.          1.          1.          0.          0.          0.          0.        ]]

Extrinsic_Value =
[ 0.87447821  1.46691861  0.56824916 -0.36288613 -1.68241439 -0.2260285
 -1.75589404]

Done
FBM =
[[ 0.46214978  0.65607644  1.76567395  0.64905365  0.90624183  3.11762808
   6.36083303]
 [ 0.46214978  0.65607644  1.76567395  0.64905365  0.90624183  3.11762808
   6.36083303]
 [ 0.51210399  0.80740392  0.47686979  1.96712752  7.28041163  1.43380901
   1.52824665]
 [ 0.51210399  0.80740392  0.47686979  1.96712752  7.28041163  1.43380901
   1.52824665]
 [ 2.16380067  1.52421264  0.56635598  1.54070468  1.10345822  0.32075667
   0.15721211]
 [ 2.16380067  1.52421264  0.56635598  1.54070468  1.10345822  0.32075667
   0.15721211]
 [ 1.95272839  1.23853746  2.0970085   0.50835545  0.13735487  0.69744296
   0.65434464]
 [ 1.95272839  1.23853746  2.0970085   0.50835545  0.13735487  0.69744296
   0.65434464]]

PBM =
[[ 0.94997526  0.90142956  1.92422277  0.57441271  0.3528126   1.47457376
   2.04014141]
 [ 0.94997526  0.90142956  1.92422277  0.57441271  0.3528126   1.47457376
   2.04014141]
 [ 1.05265899  1.10934902  0.51969035  1.74090855  2.8343659   0.67816208
   0.4901621 ]
 [ 1.05265899  1.10934902  0.51969035  1.74090855  2.8343659   0.67816208
   0.4901621 ]
 [ 1.05265899  1.10934902  0.51969035  1.74090855  2.8343659   0.67816208
   0.4901621 ]
 [ 1.05265899  1.10934902  0.51969035  1.74090855  2.8343659   0.67816208
   0.4901621 ]
 [ 0.94997526  0.90142956  1.92422277  0.57441271  0.3528126   1.47457376
   2.04014141]
 [ 0.94997526  0.90142956  1.92422277  0.57441271  0.3528126   1.47457376
   2.04014141]]

Before Calc_Forward_Branch_Metrics
Full_Branch_Metrics =
[[ 0.46214978  0.65607644  1.76567395  0.64905365  0.90624183  3.11762808
   6.36083303]
 [ 0.46214978  0.65607644  1.76567395  0.64905365  0.90624183  3.11762808
   6.36083303]
 [ 0.51210399  0.80740392  0.47686979  1.96712752  7.28041163  1.43380901
   1.52824665]
 [ 0.51210399  0.80740392  0.47686979  1.96712752  7.28041163  1.43380901
   1.52824665]
 [ 2.16380067  1.52421264  0.56635598  1.54070468  1.10345822  0.32075667
   0.15721211]
 [ 2.16380067  1.52421264  0.56635598  1.54070468  1.10345822  0.32075667
   0.15721211]
 [ 1.95272839  1.23853746  2.0970085   0.50835545  0.13735487  0.69744296
   0.65434464]
 [ 1.95272839  1.23853746  2.0970085   0.50835545  0.13735487  0.69744296
   0.65434464]]

Forward_Branch_Metrics =
[[ 1.          0.26846135  0.20377948  1.01648189  0.84977095  0.55538396
   0.87372991  1.76703187]
 [ 0.          0.          0.95626913  0.46117828  0.39330429  0.96515218
   0.54928513  0.50490641]
 [ 0.          3.72493099  0.02217783  0.42209294  0.59205202  0.56177813
   1.41427745  1.13469571]
 [ 0.          0.          0.90985537  0.4304172   0.3905592   0.68040697
   0.49801698  0.85665745]
 [ 1.          3.99339234  2.09208182  2.33017031  2.22568646  2.76272124
   3.33530947  4.26329144]]

Norm_Forward_Branch_Metrics =
[[ 1.          0.06722639  0.09740512  0.43622644  0.38180174  0.20102787
   0.26196367  0.41447597]
 [ 0.          0.          0.45708974  0.19791613  0.17671145  0.34934838
   0.16468791  0.11843113]
 [ 0.          0.93277361  0.01060084  0.18114253  0.26600872  0.20334231
   0.42403185  0.26615486]
 [ 0.          0.          0.4349043   0.18471491  0.17547809  0.24628144
   0.14931657  0.20093805]]

Exit Calc_Forward_Branch_Metrics
[[ 1.          0.46214978  0.11546508  0.37779335  0.36875155  0.50216389
   0.50661826  1.09344613]
 [ 0.          0.          1.02056312  0.42510423  0.78093451  2.71155511
   0.40353861  0.54423852]
 [ 0.          2.16380067  0.26825127  0.90229463  0.35147066  0.46803036
   1.79211738  0.8806548 ]
 [ 0.          0.          0.66530621  0.7359317   0.88035003  1.12524202
   0.30286268  0.97731785]
 [ 1.          2.62595044  2.06958568  2.44112391  2.38150674  4.80699137
   3.00513693  3.49565729]]

[[ 1.          0.17599334  0.0557914   0.15476205  0.1548396   0.10446532
   0.16858409  0.3128013 ]
 [ 0.          0.          0.49312436  0.17414283  0.32791614  0.5640857
   0.13428294  0.1556899 ]
 [ 0.          0.82400666  0.12961593  0.36962263  0.14758332  0.09736451
   0.59635132  0.25192824]
 [ 0.          0.          0.32146831  0.30147249  0.36966094  0.23408447
   0.10078166  0.27958057]]

Exit Calc_Norm_Backward_Branch_Metrics_Denom
In Calc_Backward_Branch_Metrics
Backward_Branch_Metrics
[[ 0.93251987  0.5819564   0.42738684  1.25244549  6.5989378   6.36083303
   1.        ]
 [ 0.75058171  0.94971974  0.84651263  1.52168312  0.67893067  0.15721211
   0.        ]
 [ 1.12781715  1.01568629  1.17594219  0.13300428  0.03648635  0.          0.        ]
 [ 1.22871046  1.43404151  1.47686417  1.03041532  0.07500894  0.          0.        ]]

Norm_Backward_Branch_Metrics
[[ 0.35511708  0.28119464  0.17507789  0.52590466  1.37277921  2.11665331
   1.        ]
 [ 0.2858324   0.45889366  0.34677168  0.63895814  0.14123817  0.05231446
   0.        ]
 [ 0.42948912  0.49076794  0.48172163  0.05584879  0.00759027  0.          0.        ]
 [ 0.46791076  0.69291237  0.60499353  0.43267369  0.01560414  0.          0.        ]
 [ 2.62595044  2.06958568  2.44112391  2.38150674  4.80699137  3.00513693
   3.49565729]]

Product_Of_Metrics =
[[  3.37352445e-01   4.46102913e-02   1.87955017e-02   4.67514997e-02
    7.49940516e-02   3.26053123e-01   3.43935376e-01]
 [  0.00000000e+00   0.00000000e+00   4.57096563e-01   5.58654666e-03
    8.78140436e-04   0.00000000e+00   0.00000000e+00]
 [  0.00000000e+00   6.33398809e-01   4.07524526e-02   2.78416520e-01
    6.52728955e-03   0.00000000e+00   0.00000000e+00]
 [  0.00000000e+00   0.00000000e+00   5.79330556e-02   3.35348255e-01
    1.47982910e-01   8.30477438e-03   0.00000000e+00]
 [  4.52105584e-01   9.58165676e-02   1.39671582e-02   1.50471495e-02
    3.33115657e-03   0.00000000e+00   0.00000000e+00]
 [  0.00000000e+00   0.00000000e+00   4.48675572e-02   1.59436802e-01
    1.27590813e+00   8.09707799e-01   6.58204062e-02]
 [  0.00000000e+00   3.40858850e-01   8.64882957e-02   1.35660995e-01
    7.35416605e-03   7.51084706e-03   0.00000000e+00]
 [  0.00000000e+00   0.00000000e+00   3.74234867e-01   7.49259432e-02
    2.03510749e-03   0.00000000e+00   0.00000000e+00]]

Detection_Ratio =
[[ 0.29278753 -0.43997054 -0.1006569  -0.5480166   1.7215933   0.89369471
  -1.65352386]
 [ 1.87553525 -0.01243871 -0.027745   -0.76271316 -0.216226   -0.92155695
  -4.05740091]
 [ 1.          0.          0.          0.          0.          0.          0.        ]]

Extrinsic_Value =
[ 0.29278753 -0.43997054 -0.1006569  -0.5480166   1.7215933   0.89369471
 -1.65352386]

Done
FBM =
[[ 0.37507177  3.32897583  0.86400208  1.33073594  0.86137027  1.79735266
   5.65095945]
 [ 0.37507177  3.32897583  0.86400208  1.33073594  0.86137027  1.79735266
   5.65095945]
 [ 1.1288899   1.0712383   1.90238206  1.15457558  0.25460587  0.81169468
   1.55283909]
 [ 1.1288899   1.0712383   1.90238206  1.15457558  0.25460587  0.81169468
   1.55283909]
 [ 2.66615643  0.30039269  1.15740462  0.75146388  1.16094093  0.55637384
   0.1769611 ]
 [ 2.66615643  0.30039269  1.15740462  0.75146388  1.16094093  0.55637384
   0.1769611 ]
 [ 0.88582598  0.93349911  0.52565677  0.86611913  3.92763927  1.23199034
   0.64398173]
 [ 0.88582598  0.93349911  0.52565677  0.86611913  3.92763927  1.23199034
   0.64398173]]

PBM =
[[ 0.57640985  1.76283748  0.67392028  1.07358086  1.83933458  1.48805951
   1.90764636]
 [ 0.57640985  1.76283748  0.67392028  1.07358086  1.83933458  1.48805951
   1.90764636]
 [ 1.73487667  0.56726727  1.48385504  0.93146221  0.54367488  0.67201613
   0.52420617]
 [ 1.73487667  0.56726727  1.48385504  0.93146221  0.54367488  0.67201613
   0.52420617]
 [ 1.73487667  0.56726727  1.48385504  0.93146221  0.54367488  0.67201613
   0.52420617]
 [ 1.73487667  0.56726727  1.48385504  0.93146221  0.54367488  0.67201613
   0.52420617]
 [ 0.57640985  1.76283748  0.67392028  1.07358086  1.83933458  1.48805951
   1.90764636]
 [ 0.57640985  1.76283748  0.67392028  1.07358086  1.83933458  1.48805951
   1.90764636]]

Before Calc_Forward_Branch_Metrics
Full_Branch_Metrics =
[[ 0.37507177  3.32897583  0.86400208  1.33073594  0.86137027  1.79735266
   5.65095945]
 [ 0.37507177  3.32897583  0.86400208  1.33073594  0.86137027  1.79735266
   5.65095945]
 [ 1.1288899   1.0712383   1.90238206  1.15457558  0.25460587  0.81169468
   1.55283909]
 [ 1.1288899   1.0712383   1.90238206  1.15457558  0.25460587  0.81169468
   1.55283909]
 [ 2.66615643  0.30039269  1.15740462  0.75146388  1.16094093  0.55637384
   0.1769611 ]
 [ 2.66615643  0.30039269  1.15740462  0.75146388  1.16094093  0.55637384
   0.1769611 ]
 [ 0.88582598  0.93349911  0.52565677  0.86611913  3.92763927  1.23199034
   0.64398173]
 [ 0.88582598  0.93349911  0.52565677  0.86611913  3.92763927  1.23199034
   0.64398173]]

Forward_Branch_Metrics =
[[ 1.          0.46214978  0.11546508  0.37779335  0.36875155  0.50216389
   0.50661826  1.09344613]
 [ 0.          0.          1.02056312  0.42510423  0.78093451  2.71155511
   0.40353861  0.54423852]
 [ 0.          2.16380067  0.26825127  0.90229463  0.35147066  0.46803036
   1.79211738  0.8806548 ]
 [ 0.          0.          0.66530621  0.7359317   0.88035003  1.12524202
   0.30286268  0.97731785]
 [ 1.          2.62595044  2.06958568  2.44112391  2.38150674  4.80699137
   3.00513693  3.49565729]]

Norm_Forward_Branch_Metrics =
[[ 1.          0.17599334  0.0557914   0.15476205  0.1548396   0.10446532
   0.16858409  0.3128013 ]
 [ 0.          0.          0.49312436  0.17414283  0.32791614  0.5640857
   0.13428294  0.1556899 ]
 [ 0.          0.82400666  0.12961593  0.36962263  0.14758332  0.09736451
   0.59635132  0.25192824]
 [ 0.          0.          0.32146831  0.30147249  0.36966094  0.23408447
   0.10078166  0.27958057]]

Exit Calc_Forward_Branch_Metrics
[[ 1.          0.37507177  0.41055941  0.59040871  0.63647626  0.4606151
   0.50525489  1.31598664]
 [ 0.          0.          0.81837156  0.81903064  0.34511569  1.37536438
   0.40610508  0.56300242]
 [ 0.          2.66615643  0.03704714  0.53614676  0.6966349   0.50298402
   0.86527993  1.07197002]
 [ 0.          0.          0.9391235   0.2558315   0.381846    0.81410746
   0.44757698  0.7336838 ]
 [ 1.          3.0412282   2.20510161  2.20141761  2.06007285  3.15307097
   2.22421689  3.68464289]]

[[ 1.          0.12332904  0.18618616  0.26819478  0.30895813  0.1460846
   0.2271608   0.35715446]
 [ 0.          0.          0.37112646  0.37204692  0.16752597  0.43619836
   0.1825834   0.15279701]
 [ 0.          0.87667096  0.01680065  0.24354614  0.33816032  0.15952195
   0.38902678  0.29092915]
 [ 0.          0.          0.42588672  0.11621216  0.18535558  0.2581951
   0.20122902  0.19911938]]

Exit Calc_Norm_Backward_Branch_Metrics_Denom
In Calc_Backward_Branch_Metrics
Backward_Branch_Metrics
[[ 1.7041949   1.01315458  1.47334151  1.28357237  4.56644631  5.65095945
   1.        ]
 [ 2.07367854  1.09927149  1.60899903  1.70811399  1.4135519   0.1769611
   0.        ]
 [ 1.26137396  1.28217442  0.82720095  1.76601297  0.09801848  0.          0.        ]
 [ 1.22768788  1.63856053  1.03912887  0.1945858   0.06457931  0.          0.        ]]

Norm_Backward_Branch_Metrics
[[ 0.56036403  0.45945936  0.66926943  0.62307135  1.44825358  2.54065127
   1.        ]
 [ 0.68185562  0.49851285  0.73089223  0.82915222  0.44830957  0.07956108
   0.        ]
 [ 0.41475808  0.5814582   0.3757583   0.85725753  0.03108667  0.          0.        ]
 [ 0.4036816   0.74307711  0.47202715  0.09445578  0.0204814   0.          0.        ]
 [ 3.0412282   2.20510161  2.20141761  2.06007285  3.15307097  2.22421689
   3.68464289]]

Product_Of_Metrics =
[[ 0.32299935  0.09989063  0.08397633  0.17940017  0.82300974  0.55229331
   0.43334248]
 [ 0.          0.          0.09398078  0.34240791  0.00957893  0.          0.        ]
 [ 0.          0.36953725  0.01176751  0.02142767  0.00376549  0.          0.        ]
 [ 0.          0.          0.46189039  0.08975344  0.04517758  0.01380474
   0.        ]
 [ 0.71955411  0.04067912  0.10381198  0.21415434  0.00522171  0.          0.        ]
 [ 0.          0.          0.36856525  0.21592391  0.13190644  0.74474704
   0.09571135]
 [ 0.          0.77041593  0.00827538  0.21679551  0.27884406  0.01888606
   0.        ]
 [ 0.          0.          0.13547826  0.0117846   0.00698274  0.          0.        ]]

Detection_Ratio =
[[ 0.80098143  0.54687057 -0.05599452  0.03975162 -0.73439532  0.29932014
  -1.51019151]
 [ 1.80203847 -0.93248675 -0.65198869 -0.36007541  0.73179307 -0.3962083
  -3.81169838]
 [ 1.          0.          0.          0.          1.          0.          0.        ]]

Extrinsic_Value =
[ 0.80098143  0.54687057 -0.05599452  0.03975162 -0.73439532  0.29932014
 -1.51019151]

Done
FBM =
[[ 0.47944895  1.03929858  2.41247768  0.5306998   0.56413673  2.39743199
   5.62549014]
 [ 0.47944895  1.03929858  2.41247768  0.5306998   0.56413673  2.39743199
   5.62549014]
 [ 0.53127304  1.27901827  0.65155728  1.60842509  4.53206582  1.10258809
   1.35157399]
 [ 0.53127304  1.27901827  0.65155728  1.60842509  4.53206582  1.10258809
   1.35157399]
 [ 2.08572779  0.9621874   0.41451161  1.88430447  1.7726199   0.41711298
   0.17776229]
 [ 2.08572779  0.9621874   0.41451161  1.88430447  1.7726199   0.41711298
   0.17776229]
 [ 1.88227129  0.78184966  1.53478447  0.62172619  0.22064993  0.90695702
   0.7398781 ]
 [ 1.88227129  0.78184966  1.53478447  0.62172619  0.22064993  0.90695702
   0.7398781 ]]

PBM =
[[ 0.94997526  0.90142956  1.92422277  0.57441271  0.3528126   1.47457376
   2.04014141]
 [ 0.94997526  0.90142956  1.92422277  0.57441271  0.3528126   1.47457376
   2.04014141]
 [ 1.05265899  1.10934902  0.51969035  1.74090855  2.8343659   0.67816208
   0.4901621 ]
 [ 1.05265899  1.10934902  0.51969035  1.74090855  2.8343659   0.67816208
   0.4901621 ]
 [ 1.05265899  1.10934902  0.51969035  1.74090855  2.8343659   0.67816208
   0.4901621 ]
 [ 1.05265899  1.10934902  0.51969035  1.74090855  2.8343659   0.67816208
   0.4901621 ]
 [ 0.94997526  0.90142956  1.92422277  0.57441271  0.3528126   1.47457376
   2.04014141]
 [ 0.94997526  0.90142956  1.92422277  0.57441271  0.3528126   1.47457376
   2.04014141]]

Before Calc_Forward_Branch_Metrics
Full_Branch_Metrics =
[[ 0.47944895  1.03929858  2.41247768  0.5306998   0.56413673  2.39743199
   5.62549014]
 [ 0.47944895  1.03929858  2.41247768  0.5306998   0.56413673  2.39743199
   5.62549014]
 [ 0.53127304  1.27901827  0.65155728  1.60842509  4.53206582  1.10258809
   1.35157399]
 [ 0.53127304  1.27901827  0.65155728  1.60842509  4.53206582  1.10258809
   1.35157399]
 [ 2.08572779  0.9621874   0.41451161  1.88430447  1.7726199   0.41711298
   0.17776229]
 [ 2.08572779  0.9621874   0.41451161  1.88430447  1.7726199   0.41711298
   0.17776229]
 [ 1.88227129  0.78184966  1.53478447  0.62172619  0.22064993  0.90695702
   0.7398781 ]
 [ 1.88227129  0.78184966  1.53478447  0.62172619  0.22064993  0.90695702
   0.7398781 ]]

Forward_Branch_Metrics =
[[ 1.          0.37507177  0.41055941  0.59040871  0.63647626  0.4606151
   0.50525489  1.31598664]
 [ 0.          0.          0.81837156  0.81903064  0.34511569  1.37536438
   0.40610508  0.56300242]
 [ 0.          2.66615643  0.03704714  0.53614676  0.6966349   0.50298402
   0.86527993  1.07197002]
 [ 0.          0.          0.9391235   0.2558315   0.381846    0.81410746
   0.44757698  0.7336838 ]
 [ 1.          3.0412282   2.20510161  2.20141761  2.06007285  3.15307097
   2.22421689  3.68464289]]

Norm_Forward_Branch_Metrics =
[[ 1.          0.12332904  0.18618616  0.26819478  0.30895813  0.1460846
   0.2271608   0.35715446]
 [ 0.          0.          0.37112646  0.37204692  0.16752597  0.43619836
   0.1825834   0.15279701]
 [ 0.          0.87667096  0.01680065  0.24354614  0.33816032  0.15952195
   0.38902678  0.29092915]
 [ 0.          0.          0.42588672  0.11621216  0.18535558  0.2581951
   0.20122902  0.19911938]]

Exit Calc_Forward_Branch_Metrics
[[ 1.          0.47944895  0.19425196  0.35718193  0.43593524  0.6871528
   0.64654437  1.47816972]
 [ 0.          0.          0.63571665  0.46522747  0.74987326  1.48019007
   0.39126154  0.52513124]
 [ 0.          2.08572779  0.17983936  0.78748966  0.37613713  0.52164779
   1.09487208  0.92357446]
 [ 0.          0.          1.03996107  0.83584624  0.73036453  0.81395317
   0.37493698  0.70074884]
 [ 1.          2.56517674  2.04976904  2.44574529  2.29231018  3.50294383
   2.50761496  3.62762426]]

[[ 1.          0.18690679  0.09476773  0.14604216  0.19017289  0.19616438
   0.25783239  0.40747597]
 [ 0.          0.          0.31014062  0.1902191   0.32712557  0.42255604
   0.15602935  0.14475899]
 [ 0.          0.81309321  0.0877364   0.32198351  0.16408649  0.14891697
   0.4366189   0.25459485]
 [ 0.          0.          0.50735524  0.34175523  0.31861506  0.23236261
   0.14951936  0.19317018]]

Exit Calc_Norm_Backward_Branch_Metrics_Denom
In Calc_Backward_Branch_Metrics
Backward_Branch_Metrics
[[ 0.81630507  0.60515228  0.33963517  0.89869258  5.37830978  5.62549014
   1.        ]
 [ 0.83436956  1.62977217  0.77579269  2.73197904  0.93573574  0.17776229
   0.        ]
 [ 1.63031341  1.08534257  1.59389035  0.16006606  0.06429327  0.          0.        ]
 [ 1.63353329  1.61649695  2.24661279  1.21556681  0.07816135  0.          0.        ]]

Norm_Backward_Branch_Metrics
[[ 0.31822566  0.29522949  0.13886776  0.39204667  1.53536855  2.24336281
   1.        ]
 [ 0.32526786  0.79510039  0.31720093  1.19180165  0.26712839  0.07088899
   0.        ]
 [ 0.63555598  0.52949506  0.65169924  0.0698274   0.01835407  0.          0.        ]
 [ 0.63681121  0.78862395  0.91858003  0.53028025  0.02231305  0.          0.        ]
 [ 2.56517674  2.04976904  2.44574529  2.29231018  3.50294383  2.50761496
   3.62762426]]

Product_Of_Metrics =
[[ 0.30230651  0.04974124  0.02532312  0.0328882   0.10301615  0.64891253
   0.52601454]
 [ 0.          0.          0.38892085  0.00762964  0.00211832  0.          0.        ]
 [ 0.          0.71134208  0.04188336  0.29724533  0.01037738  0.          0.        ]
 [ 0.          0.          0.08363562  0.70907979  0.24123607  0.01117065
   0.        ]
 [ 0.66902371  0.10978808  0.03209611  0.01775334  0.0098932   0.          0.        ]
 [ 0.          0.          0.0223823   0.12982785  1.42358381  0.64286137
   0.07647967]
 [ 0.          0.58276585  0.05355125  0.22042541  0.01546454  0.01556645
   0.        ]
 [ 0.          0.          0.89677709  0.10409855  0.00250824  0.          0.        ]]

Detection_Ratio =
[[  7.94378081e-01  -9.43567185e-02   6.21420462e-01  -7.96332487e-01
    1.40328876e+00  -2.51097111e-03  -1.92830384e+00]
 [  2.30362902e+00  -5.86872927e-01   7.00886710e-02  -6.08391300e-01
    4.13488536e-01  -1.29241399e+00  -4.08647835e+00]
 [  1.00000000e+00   0.00000000e+00   1.00000000e+00   0.00000000e+00
    1.00000000e+00   0.00000000e+00   0.00000000e+00]]

Extrinsic_Value =
[ 0.79437808 -0.09435672  0.62142046 -0.79633249  1.40328876 -0.00251097
 -1.92830384]

Done
FBM =
[[ 0.29187397  2.80066751  0.60216801  1.50665216  1.00997083  2.81346741
   6.48320725]
 [ 0.29187397  2.80066751  0.60216801  1.50665216  1.00997083  2.81346741
   6.48320725]
 [ 0.87848143  0.90123283  1.32586906  1.30720433  0.29852957  1.27057788
   1.78153422]
 [ 0.87848143  0.90123283  1.32586906  1.30720433  0.29852957  1.27057788
   1.78153422]
 [ 3.42613627  0.35705774  1.6606661   0.66372321  0.99012761  0.3554333
   0.15424464]
 [ 3.42613627  0.35705774  1.6606661   0.66372321  0.99012761  0.3554333
   0.15424464]
 [ 1.13832799  1.10959118  0.75422229  0.76499135  3.3497519   0.78704345
   0.56131394]
 [ 1.13832799  1.10959118  0.75422229  0.76499135  3.3497519   0.78704345
   0.56131394]]

PBM =
[[ 0.57640985  1.76283748  0.67392028  1.07358086  1.83933458  1.48805951
   1.90764636]
 [ 0.57640985  1.76283748  0.67392028  1.07358086  1.83933458  1.48805951
   1.90764636]
 [ 1.73487667  0.56726727  1.48385504  0.93146221  0.54367488  0.67201613
   0.52420617]
 [ 1.73487667  0.56726727  1.48385504  0.93146221  0.54367488  0.67201613
   0.52420617]
 [ 1.73487667  0.56726727  1.48385504  0.93146221  0.54367488  0.67201613
   0.52420617]
 [ 1.73487667  0.56726727  1.48385504  0.93146221  0.54367488  0.67201613
   0.52420617]
 [ 0.57640985  1.76283748  0.67392028  1.07358086  1.83933458  1.48805951
   1.90764636]
 [ 0.57640985  1.76283748  0.67392028  1.07358086  1.83933458  1.48805951
   1.90764636]]

Before Calc_Forward_Branch_Metrics
Full_Branch_Metrics =
[[ 0.29187397  2.80066751  0.60216801  1.50665216  1.00997083  2.81346741
   6.48320725]
 [ 0.29187397  2.80066751  0.60216801  1.50665216  1.00997083  2.81346741
   6.48320725]
 [ 0.87848143  0.90123283  1.32586906  1.30720433  0.29852957  1.27057788
   1.78153422]
 [ 0.87848143  0.90123283  1.32586906  1.30720433  0.29852957  1.27057788
   1.78153422]
 [ 3.42613627  0.35705774  1.6606661   0.66372321  0.99012761  0.3554333
   0.15424464]
 [ 3.42613627  0.35705774  1.6606661   0.66372321  0.99012761  0.3554333
   0.15424464]
 [ 1.13832799  1.10959118  0.75422229  0.76499135  3.3497519   0.78704345
   0.56131394]
 [ 1.13832799  1.10959118  0.75422229  0.76499135  3.3497519   0.78704345
   0.56131394]]

Forward_Branch_Metrics =
[[ 1.          0.47944895  0.19425196  0.35718193  0.43593524  0.6871528
   0.64654437  1.47816972]
 [ 0.          0.          0.63571665  0.46522747  0.74987326  1.48019007
   0.39126154  0.52513124]
 [ 0.          2.08572779  0.17983936  0.78748966  0.37613713  0.52164779
   1.09487208  0.92357446]
 [ 0.          0.          1.03996107  0.83584624  0.73036453  0.81395317
   0.37493698  0.70074884]
 [ 1.          2.56517674  2.04976904  2.44574529  2.29231018  3.50294383
   2.50761496  3.62762426]]

Norm_Forward_Branch_Metrics =
[[ 1.          0.18690679  0.09476773  0.14604216  0.19017289  0.19616438
   0.25783239  0.40747597]
 [ 0.          0.          0.31014062  0.1902191   0.32712557  0.42255604
   0.15602935  0.14475899]
 [ 0.          0.81309321  0.0877364   0.32198351  0.16408649  0.14891697
   0.4366189   0.25459485]
 [ 0.          0.          0.50735524  0.34175523  0.31861506  0.23236261
   0.14951936  0.19317018]]

Exit Calc_Forward_Branch_Metrics
[[ 1.          0.29187397  0.21986006  0.87126236  0.7619392   0.52357355
   0.66158981  1.62532729]
 [ 0.          0.          1.02248524  0.53418787  0.35190151  1.0460433
   0.46526015  0.52301908]
 [ 0.          3.42613627  0.02803001  0.46686717  0.63209024  0.51976302
   1.1221384   1.16222768]
 [ 0.          0.          0.83048359  0.31583909  0.38932543  0.6991391
   0.434156    0.83589456]
 [ 1.          3.71801024  2.1008589   2.18815649  2.13525637  2.78851897
   2.68314436  4.14646861]]

[[ 1.          0.07850273  0.10465246  0.39817187  0.35683734  0.18776044
   0.24657257  0.39197868]
 [ 0.          0.          0.48669868  0.24412691  0.16480527  0.37512505
   0.17340109  0.12613603]
 [ 0.          0.92149727  0.01334217  0.21336096  0.29602546  0.18639393
   0.41821768  0.28029337]
 [ 0.          0.          0.39530669  0.14434026  0.18233194  0.25072058
   0.16180866  0.20159192]]

Exit Calc_Norm_Backward_Branch_Metrics_Denom
In Calc_Backward_Branch_Metrics
Backward_Branch_Metrics
[[ 2.00018491  1.31440726  2.07179678  2.4782631   6.79810321  6.48320725
   1.        ]
 [ 2.16817643  1.84223042  1.50381839  2.43020946  0.85882361  0.15424464
   0.        ]
 [ 1.59339302  1.4588356   0.98066615  1.03949479  0.04524439  0.          0.        ]
 [ 1.55411655  1.44620925  1.55214967  0.17968457  0.07304111  0.          0.        ]]

Norm_Backward_Branch_Metrics
[[ 0.53797187  0.62565233  0.94682295  1.1606396   2.43789025  2.41627224
   1.        ]
 [ 0.58315505  0.87689394  0.68725359  1.13813474  0.30798557  0.05748652
   0.        ]
 [ 0.42856069  0.69439961  0.44817003  0.48682435  0.01622524  0.          0.        ]
 [ 0.41799684  0.68838952  0.70934126  0.08415129  0.02619351  0.          0.        ]
 [ 3.71801024  2.1008589   2.18815649  2.13525637  2.78851897  2.68314436
   4.14646861]]

Product_Of_Metrics =
[[ 0.31009228  0.0865825   0.06677698  0.49613826  1.60009282  0.67510335
   0.47037327]
 [ 0.          0.          0.14699802  0.12759178  0.00491839  0.          0.        ]
 [ 0.          0.35984546  0.01404343  0.01672403  0.00421563  0.          0.        ]
 [ 0.          0.          0.40312772  0.15301937  0.03053039  0.00968581
   0.        ]
 [ 0.74349994  0.03092303  0.06959591  0.18055441  0.00314775  0.          0.        ]
 [ 0.          0.          0.68378633  0.26392363  0.21843615  0.60911827
   0.09089792]
 [ 0.          1.42447028  0.00617948  0.26070142  0.16769502  0.01594477
   0.        ]
 [ 0.          0.          0.1889722   0.01304016  0.0087845   0.          0.        ]]

Detection_Ratio =
[[ 0.87449874  1.18175341  0.40769705 -0.09964466 -1.41569212 -0.09125849
  -1.64378946]
 [ 2.37714633  0.04800991  0.53378024 -0.74778759 -0.26780827 -1.68299261
  -4.22007631]
 [ 1.          1.          1.          0.          0.          0.          0.        ]]

Extrinsic_Value =
[ 0.87449874  1.18175341  0.40769705 -0.09964466 -1.41569212 -0.09125849
 -1.64378946]

Done
FBM =
[[ 0.46214503  0.75661906  1.91325985  0.56900809  0.79309662  2.91446851
   6.01410208]
 [ 0.46214503  0.75661906  1.91325985  0.56900809  0.79309662  2.91446851
   6.01410208]
 [ 0.51209873  0.93113723  0.5167295   1.72452843  6.37144486  1.34037515
   1.44494146]
 [ 0.51209873  0.93113723  0.5167295   1.72452843  6.37144486  1.34037515
   1.44494146]
 [ 2.16382288  1.32166905  0.52266816  1.75744426  1.26088042  0.34311573
   0.16627586]
 [ 2.16382288  1.32166905  0.52266816  1.75744426  1.26088042  0.34311573
   0.16627586]
 [ 1.95274845  1.07395556  1.93524851  0.57986867  0.15695027  0.74605979
   0.69206956]
 [ 1.95274845  1.07395556  1.93524851  0.57986867  0.15695027  0.74605979
   0.69206956]]

PBM =
[[ 0.94997526  0.90142956  1.92422277  0.57441271  0.3528126   1.47457376
   2.04014141]
 [ 0.94997526  0.90142956  1.92422277  0.57441271  0.3528126   1.47457376
   2.04014141]
 [ 1.05265899  1.10934902  0.51969035  1.74090855  2.8343659   0.67816208
   0.4901621 ]
 [ 1.05265899  1.10934902  0.51969035  1.74090855  2.8343659   0.67816208
   0.4901621 ]
 [ 1.05265899  1.10934902  0.51969035  1.74090855  2.8343659   0.67816208
   0.4901621 ]
 [ 1.05265899  1.10934902  0.51969035  1.74090855  2.8343659   0.67816208
   0.4901621 ]
 [ 0.94997526  0.90142956  1.92422277  0.57441271  0.3528126   1.47457376
   2.04014141]
 [ 0.94997526  0.90142956  1.92422277  0.57441271  0.3528126   1.47457376
   2.04014141]]

Before Calc_Forward_Branch_Metrics
Full_Branch_Metrics =
[[ 0.46214503  0.75661906  1.91325985  0.56900809  0.79309662  2.91446851
   6.01410208]
 [ 0.46214503  0.75661906  1.91325985  0.56900809  0.79309662  2.91446851
   6.01410208]
 [ 0.51209873  0.93113723  0.5167295   1.72452843  6.37144486  1.34037515
   1.44494146]
 [ 0.51209873  0.93113723  0.5167295   1.72452843  6.37144486  1.34037515
   1.44494146]
 [ 2.16382288  1.32166905  0.52266816  1.75744426  1.26088042  0.34311573
   0.16627586]
 [ 2.16382288  1.32166905  0.52266816  1.75744426  1.26088042  0.34311573
   0.16627586]
 [ 1.95274845  1.07395556  1.93524851  0.57986867  0.15695027  0.74605979
   0.69206956]
 [ 1.95274845  1.07395556  1.93524851  0.57986867  0.15695027  0.74605979
   0.69206956]]

Forward_Branch_Metrics =
[[ 1.          0.29187397  0.21986006  0.87126236  0.7619392   0.52357355
   0.66158981  1.62532729]
 [ 0.          0.          1.02248524  0.53418787  0.35190151  1.0460433
   0.46526015  0.52301908]
 [ 0.          3.42613627  0.02803001  0.46686717  0.63209024  0.51976302
   1.1221384   1.16222768]
 [ 0.          0.          0.83048359  0.31583909  0.38932543  0.6991391
   0.434156    0.83589456]
 [ 1.          3.71801024  2.1008589   2.18815649  2.13525637  2.78851897
   2.68314436  4.14646861]]

Norm_Forward_Branch_Metrics =
[[ 1.          0.07850273  0.10465246  0.39817187  0.35683734  0.18776044
   0.24657257  0.39197868]
 [ 0.          0.          0.48669868  0.24412691  0.16480527  0.37512505
   0.17340109  0.12613603]
 [ 0.          0.92149727  0.01334217  0.21336096  0.29602546  0.18639393
   0.41821768  0.28029337]
 [ 0.          0.          0.39530669  0.14434026  0.18233194  0.25072058
   0.16180866  0.20159192]]

Exit Calc_Forward_Branch_Metrics
[[ 1.          0.46214503  0.13315766  0.35545556  0.38445639  0.55114934
   0.55302183  1.19127449]
 [ 0.          0.          0.88494974  0.41953443  0.76851905  2.24333694
   0.40308499  0.54599937]
 [ 0.          2.16382288  0.23260101  0.87351753  0.35329544  0.47342199
   1.56576713  0.88342617]
 [ 0.          0.          0.76726605  0.79537295  0.80512025  1.02854347
   0.32629669  0.8736351 ]
 [ 1.          2.62596792  2.01797446  2.44388047  2.31139114  4.29645174
   2.84817064  3.49433513]]

[[ 1.          0.17599036  0.0659858   0.1454472   0.16633117  0.12828012
   0.19416738  0.34091592]
 [ 0.          0.          0.43853367  0.17166733  0.332492    0.52213712
   0.14152417  0.15625272]
 [ 0.          0.82400964  0.1152646   0.35743055  0.1528497   0.11018906
   0.54974485  0.25281667]
 [ 0.          0.          0.38021594  0.32545493  0.34832714  0.2393937
   0.1145636   0.25001469]]

Exit Calc_Norm_Backward_Branch_Metrics_Denom
In Calc_Backward_Branch_Metrics
Backward_Branch_Metrics
[[ 0.91183027  0.57546029  0.3911589   1.14878726  6.15409446  6.01410208
   1.        ]
 [ 0.77537607  1.06919227  0.90855175  1.81408309  0.72451173  0.16627586
   0.        ]
 [ 1.25095763  1.06278191  1.25886289  0.14250919  0.04355488  0.          0.        ]
 [ 1.27988375  1.47790844  1.62374809  1.07727686  0.07825094  0.          0.        ]]

Norm_Backward_Branch_Metrics
[[ 0.34723587  0.28516728  0.16005648  0.49701119  1.43236672  2.11156663
   1.        ]
 [ 0.29527248  0.52983439  0.37176603  0.7848447   0.16863025  0.05837988
   0.        ]
 [ 0.47637963  0.52665776  0.51510821  0.06165516  0.01013741  0.          0.        ]
 [ 0.48739504  0.73237222  0.66441387  0.46607294  0.01821292  0.          0.        ]
 [ 2.62596792  2.01797446  2.44388047  2.31139114  4.29645174  2.84817064
   3.49433513]]

Product_Of_Metrics =
[[  3.29865491e-01   4.52397673e-02   2.03225916e-02   4.15236542e-02
    8.40566248e-02   3.99420767e-01   3.96128909e-01]
 [  0.00000000e+00   0.00000000e+00   4.34667088e-01   6.07968563e-03
    1.18919254e-03   0.00000000e+00   0.00000000e+00]
 [  0.00000000e+00   6.69471916e-01   3.97996520e-02   2.90015703e-01
    7.89042019e-03   0.00000000e+00   0.00000000e+00]
 [  0.00000000e+00   0.00000000e+00   7.34589431e-02   4.44683016e-01
    1.66486379e-01   9.47784086e-03   0.00000000e+00]
 [  5.01465304e-01   1.02821887e-01   1.76641851e-02   1.56117199e-02
    4.77921372e-03   0.00000000e+00   0.00000000e+00]
 [  0.00000000e+00   0.00000000e+00   3.64771450e-02   1.48535333e-01
    1.34986809e+00   7.47692217e-01   6.93697856e-02]
 [  0.00000000e+00   3.93553913e-01   8.24557581e-02   1.61138545e-01
    9.09377403e-03   9.48567396e-03   0.00000000e+00]
 [  0.00000000e+00   0.00000000e+00   4.86098590e-01   8.71302149e-02
    2.23826253e-03   0.00000000e+00   0.00000000e+00]]

Detection_Ratio =
[[  4.18849453e-01  -3.64545920e-01   9.14994953e-02  -6.40208837e-01
    1.66039781e+00   6.16130998e-01  -1.74228828e+00]
 [  2.00161770e+00  -2.22179287e-01   3.85927374e-03  -5.91663936e-01
   -1.06992166e-02  -1.06435064e+00  -4.03406075e+00]
 [  1.00000000e+00   0.00000000e+00   1.00000000e+00   0.00000000e+00
    0.00000000e+00   0.00000000e+00   0.00000000e+00]]

Extrinsic_Value =
[ 0.41884945 -0.36454592  0.0914995  -0.64020884  1.66039781  0.616131
 -1.74228828]

Done
FBM =
[[ 0.35216028  3.20577024  0.78485342  1.39351349  0.88813362  2.06493076
   5.90741034]
 [ 0.35216028  3.20577024  0.78485342  1.39351349  0.88813362  2.06493076
   5.90741034]
 [ 1.05993099  1.03159171  1.72811051  1.20904275  0.26251664  0.93253447
   1.62330977]
 [ 1.05993099  1.03159171  1.72811051  1.20904275  0.26251664  0.93253447
   1.62330977]
 [ 2.83961608  0.31193751  1.27412326  0.71761056  1.1259567   0.48427774
   0.16927891]
 [ 2.83961608  0.31193751  1.27412326  0.71761056  1.1259567   0.48427774
   0.16927891]
 [ 0.94345765  0.96937577  0.5786667   0.82710061  3.80928233  1.07234642
   0.61602537]
 [ 0.94345765  0.96937577  0.5786667   0.82710061  3.80928233  1.07234642
   0.61602537]]

PBM =
[[ 0.57640985  1.76283748  0.67392028  1.07358086  1.83933458  1.48805951
   1.90764636]
 [ 0.57640985  1.76283748  0.67392028  1.07358086  1.83933458  1.48805951
   1.90764636]
 [ 1.73487667  0.56726727  1.48385504  0.93146221  0.54367488  0.67201613
   0.52420617]
 [ 1.73487667  0.56726727  1.48385504  0.93146221  0.54367488  0.67201613
   0.52420617]
 [ 1.73487667  0.56726727  1.48385504  0.93146221  0.54367488  0.67201613
   0.52420617]
 [ 1.73487667  0.56726727  1.48385504  0.93146221  0.54367488  0.67201613
   0.52420617]
 [ 0.57640985  1.76283748  0.67392028  1.07358086  1.83933458  1.48805951
   1.90764636]
 [ 0.57640985  1.76283748  0.67392028  1.07358086  1.83933458  1.48805951
   1.90764636]]

Before Calc_Forward_Branch_Metrics
Full_Branch_Metrics =
[[ 0.35216028  3.20577024  0.78485342  1.39351349  0.88813362  2.06493076
   5.90741034]
 [ 0.35216028  3.20577024  0.78485342  1.39351349  0.88813362  2.06493076
   5.90741034]
 [ 1.05993099  1.03159171  1.72811051  1.20904275  0.26251664  0.93253447
   1.62330977]
 [ 1.05993099  1.03159171  1.72811051  1.20904275  0.26251664  0.93253447
   1.62330977]
 [ 2.83961608  0.31193751  1.27412326  0.71761056  1.1259567   0.48427774
   0.16927891]
 [ 2.83961608  0.31193751  1.27412326  0.71761056  1.1259567   0.48427774
   0.16927891]
 [ 0.94345765  0.96937577  0.5786667   0.82710061  3.80928233  1.07234642
   0.61602537]
 [ 0.94345765  0.96937577  0.5786667   0.82710061  3.80928233  1.07234642
   0.61602537]]

Forward_Branch_Metrics =
[[ 1.          0.46214503  0.13315766  0.35545556  0.38445639  0.55114934
   0.55302183  1.19127449]
 [ 0.          0.          0.88494974  0.41953443  0.76851905  2.24333694
   0.40308499  0.54599937]
 [ 0.          2.16382288  0.23260101  0.87351753  0.35329544  0.47342199
   1.56576713  0.88342617]
 [ 0.          0.          0.76726605  0.79537295  0.80512025  1.02854347
   0.32629669  0.8736351 ]
 [ 1.          2.62596792  2.01797446  2.44388047  2.31139114  4.29645174
   2.84817064  3.49433513]]

Norm_Forward_Branch_Metrics =
[[ 1.          0.17599036  0.0659858   0.1454472   0.16633117  0.12828012
   0.19416738  0.34091592]
 [ 0.          0.          0.43853367  0.17166733  0.332492    0.52213712
   0.14152417  0.15625272]
 [ 0.          0.82400964  0.1152646   0.35743055  0.1528497   0.11018906
   0.54974485  0.25281667]
 [ 0.          0.          0.38021594  0.32545493  0.34832714  0.2393937
   0.1145636   0.25001469]]

Exit Calc_Forward_Branch_Metrics
[[ 1.          0.35216028  0.35370428  0.63479556  0.65323654  0.4677173
   0.51849663  1.35201732]
 [ 0.          0.          0.86242102  0.74063424  0.35030593  1.30415153
   0.41899536  0.55495413]
 [ 0.          2.83961608  0.0344172   0.52000607  0.68623628  0.50229199
   0.94764483  1.10569923]
 [ 0.          0.          0.91777245  0.27235945  0.39393859  0.80662177
   0.43280644  0.77868207]
 [ 1.          3.19177636  2.16831494  2.16779533  2.08371736  3.08078259
   2.31794327  3.79135274]]

[[ 1.          0.11033363  0.16312403  0.29283002  0.31349575  0.15181769
   0.22368823  0.35660552]
 [ 0.          0.          0.39773789  0.34165322  0.16811586  0.42331826
   0.1807617   0.14637365]
 [ 0.          0.88966637  0.01587279  0.23987785  0.32933271  0.16304039
   0.40883004  0.29163713]
 [ 0.          0.          0.42326529  0.12563892  0.18905568  0.26182366
   0.18672003  0.2053837 ]]

Exit Calc_Norm_Backward_Branch_Metrics_Denom
In Calc_Backward_Branch_Metrics
Backward_Branch_Metrics
[[ 1.8002987   1.08383341  1.56128545  1.54573179  5.26259356  5.90741034
   1.        ]
 [ 2.18965784  1.23708174  1.55678608  1.94593579  1.23420938  0.16927891
   0.        ]
 [ 1.29642286  1.37557566  0.88229201  1.53186081  0.07831324  0.          0.        ]
 [ 1.28708573  1.56249415  1.20426686  0.18937503  0.0681028   0.          0.        ]]

Norm_Backward_Branch_Metrics
[[ 0.56404287  0.49985055  0.72021811  0.74181452  1.70820024  2.54855692
   1.        ]
 [ 0.6860311   0.57052678  0.71814256  0.93387704  0.40061554  0.07302979
   0.        ]
 [ 0.40617597  0.63439846  0.40699968  0.73515768  0.02541992  0.          0.        ]
 [ 0.4032506   0.72060295  0.55552609  0.09088326  0.02210568  0.          0.        ]
 [ 3.19177636  2.16831494  2.16779533  2.08371736  3.08078259  2.31794327
   3.79135274]]

Product_Of_Metrics =
[[ 0.32511986  0.09722106  0.07917544  0.23320921  0.98498854  0.57575407
   0.42671804]
 [ 0.          0.          0.10909367  0.26965021  0.00786038  0.          0.        ]
 [ 0.          0.3636729   0.01308426  0.0203067   0.00395802  0.          0.        ]
 [ 0.          0.          0.45103972  0.10928967  0.0411772   0.01284957
   0.        ]
 [ 0.70466522  0.03970615  0.09851526  0.20052168  0.00433256  0.          0.        ]
 [ 0.          0.          0.4250622   0.23607287  0.15613013  0.72500507
   0.0947564 ]
 [ 0.          0.89477838  0.00768197  0.24049973  0.24267408  0.01771804
   0.        ]
 [ 0.          0.          0.15846218  0.01225866  0.00768696  0.          0.        ]]

Detection_Ratio =
[[ 0.77352889  0.70682708  0.05564075  0.08614307 -0.92687153  0.23257028
  -1.5048141 ]
 [ 1.90064785 -0.69710562 -0.34819702 -0.4058762   0.47812137 -0.74052188
  -3.89508538]
 [ 1.          0.          0.          0.          1.          0.          0.        ]]

Extrinsic_Value =
[ 0.77352889  0.70682708  0.05564075  0.08614307 -0.92687153  0.23257028
 -1.5048141 ]

Received_Data =
[[ 0.70826951 -1.03938678 -0.49533727  0.14818957 -0.25540491 -1.58922316
  -0.64798301]
 [ 0.12829834  0.25943345 -1.63630533  1.38601783  2.60454561 -0.97092242
  -1.78254781]
 [ 1.37734082 -1.41731179  0.98660865 -0.17749915 -1.52350966 -0.99368232
  -1.61467553]]

Rounded_Data =
[[ 1. -1. -1.  1. -1. -1. -1.]
 [ 1.  1. -1.  1.  1. -1. -1.]
 [ 1. -1.  1. -1. -1. -1. -1.]]

Gold_Data =
[[1, -1, 1, -1, 1, -1, -1],
 [1, 1, -1, 1, 1, -1, -1],
 [1, -1, 1, -1, -1, -1, -1]]

